[    0.       ,   86.1328125,  172.265625 ,  258.3984375,  344.53125  ,
   430.6640625,  516.796875 ,  602.9296875,  689.0625   ,  775.1953125,
   861.328125 ,  947.4609375, 1033.59375  , 1119.7265625, 1205.859375 ,
  1291.9921875, 1378.125    , 1464.2578125, 1550.390625 , 1636.5234375,
  1722.65625  , 1808.7890625, 1894.921875 , 1981.0546875, 2067.1875   ,
  2153.3203125, 2239.453125 , 2325.5859375, 2411.71875  , 2497.8515625,
  2583.984375 , 2670.1171875, 2756.25     , 2842.3828125, 2928.515625 ,
  3014.6484375, 3100.78125  , 3186.9140625, 3273.046875 , 3359.1796875,
  3445.3125   , 3531.4453125, 3617.578125 , 3703.7109375, 3789.84375  ,
  3875.9765625, 3962.109375 , 4048.2421875, 4134.375    , 4220.5078125,
  4306.640625 , 4392.7734375, 4478.90625  , 4565.0390625, 4651.171875 ,
  4737.3046875, 4823.4375   , 4909.5703125, 4995.703125 , 5081.8359375,
  5167.96875  , 5254.1015625, 5340.234375 , 5426.3671875, 5512.5      ,
  5598.6328125, 5684.765625 , 5770.8984375, 5857.03125  , 5943.1640625,
  6029.296875 , 6115.4296875, 6201.5625   , 6287.6953125, 6373.828125 ,
  6459.9609375, 6546.09375  , 6632.2265625, 6718.359375 , 6804.4921875,
  6890.625    , 6976.7578125, 7062.890625 , 7149.0234375, 7235.15625  ,
  7321.2890625, 7407.421875 , 7493.5546875, 7579.6875   , 7665.8203125,
  7751.953125 , 7838.0859375, 7924.21875  , 8010.3515625, 8096.484375 ,
  8182.6171875, 8268.75     , 8354.8828125, 8441.015625 , 8527.1484375,
  8613.28125  , 8699.4140625, 8785.546875 , 8871.6796875, 8957.8125   ,
  9043.9453125, 9130.078125 , 9216.2109375, 9302.34375  , 9388.4765625,
  9474.609375 , 9560.7421875, 9646.875    , 9733.0078125, 9819.140625 ,
  9905.2734375, 9991.40625  ,10077.5390625,10163.671875 ,10249.8046875,
 10335.9375   ,10422.0703125,10508.203125 ,10594.3359375,10680.46875  ,
 10766.6015625,10852.734375 ,10938.8671875,11025.       ]

[5.80498866e-03,1.59637188e-02,2.61224490e-02,...,5.99727891e+01,
 5.99829478e+01,5.99931066e+01]

[  0.      ,  0.      ,  0.      ,...,  4.173376, 64.40877 ,223.5923  ]
[   0.     ,   0.     ,   0.     ,...,4288.5903 ,5376.842  , 877.58936]
[    0.    ,    0.    ,    0.    ,..., 4094.2659,16002.8545, 2876.5764]
[    0.    ,    0.    ,    0.    ,..., 1203.9828,13065.551 , 4492.0107]
[  0.     ,  0.     ,  0.     ,...,268.65823, 99.5165 ,924.1599 ]
[   0.     ,   0.     ,   0.     ,..., 262.10846,  85.51078,2498.5698 ]
[  0.      ,  0.      ,  0.      ,..., 15.777187,399.22202 ,120.12642 ]
[  0.     ,  0.     ,  0.     ,...,334.3221 ,223.64658,370.36804]
[  0.     ,  0.     ,  0.     ,...,252.82185,101.2259 ,115.42921]
[  0.      ,  0.      ,  0.      ,..., 26.295393,366.32352 , 33.13686 ]
[  0.       ,  0.       ,  0.       ,..., 10.586884 ,124.68709  ,
   0.5229922]
[  0.     ,  0.     ,  0.     ,..., 75.53139,157.45801,528.58673]
[  0.      ,  0.      ,  0.      ,...,234.48753 ,862.72015 , 24.630384]
[  0.      ,  0.      ,  0.      ,...,298.9507  ,141.79472 ,117.824356]
[   0.     ,   0.     ,   0.     ,...,1144.4042 , 163.04622,   5.37762]
[  0.      ,  0.      ,  0.      ,...,965.75696 , 23.297462,171.76434 ]
[  0.      ,  0.      ,  0.      ,..., 24.101936,136.65318 ,128.81612 ]
[  0.     ,  0.     ,  0.     ,...,232.26906,101.91449,486.7006 ]
[ 0.       , 0.       , 0.       ,...,33.87534  , 6.4820805,90.13092  ]
[ 0.      , 0.      , 0.      ,...,83.17783 ,79.128105,37.3365  ]
[  0.     ,  0.     ,  0.     ,...,952.777  ,408.57828, 75.68971]
[   0.     ,   0.     ,   0.     ,...,2644.2346 , 151.77441, 445.5794 ]
[   0.     ,   0.     ,   0.     ,..., 915.65106, 663.5406 ,1125.2802 ]
[  0.       ,  0.       ,  0.       ,...,110.360634 ,968.52277  ,
   9.1913395]
[  0.      ,  0.      ,  0.      ,...,346.12683 ,295.29678 , 93.207985]
[  0.     ,  0.     ,  0.     ,...,387.19623,549.5753 ,128.96272]
[   0.     ,   0.     ,   0.     ,..., 108.98178, 157.02846,2613.9531 ]
[  0.     ,  0.     ,  0.     ,...,459.3756 ,444.1608 , 75.13505]
[  0.     ,  0.     ,  0.     ,...,767.7559 ,176.25269, 43.63265]
[   0.     ,   0.     ,   0.     ,..., 288.10898,3607.194  , 424.81842]
[   0.      ,   0.      ,   0.      ,..., 118.619316,2821.0205  ,
  258.5996  ]
[   0.     ,   0.     ,   0.     ,..., 272.03055,1326.5249 ,  57.70316]
[  0.       ,  0.       ,  0.       ,...,  3.0144446,196.04205  ,
  19.966007 ]
[  0.      ,  0.      ,  0.      ,...,117.69706 , 45.766792,  9.507919]
[  0.      ,  0.      ,  0.      ,...,574.9674  , 38.349617,197.22005 ]
[  0.     ,  0.     ,  0.     ,...,239.40355,155.73933, 69.94324]
[  0.      ,  0.      ,  0.      ,..., 70.85136 ,197.50409 , 80.748505]
[ 0.      , 0.      , 0.      ,...,48.243767,16.643562,23.85661 ]
[ 0.       , 0.       , 0.       ,...,20.722502 ,30.157238 , 5.4447803]
[ 0.       , 0.       , 0.       ,...,22.895721 , 2.3783405, 5.8198657]
[ 0.        , 0.        , 0.        ,...,39.753773  , 0.98276985,
 20.360289  ]
[ 0.      , 0.      , 0.      ,...,39.301464,50.146587,49.448677]
[ 0.      , 0.      , 0.      ,...,76.74242 ,31.039852,19.164387]
[ 0.      , 0.      , 0.      ,..., 7.983418,20.788652, 8.518004]
[ 0.      , 0.      , 0.      ,..., 3.8335  , 5.006789,12.251895]
[ 0.        , 0.        , 0.        ,..., 0.70097446,12.380507  ,
 25.12482   ]
[ 0.        , 0.        , 0.        ,...,15.530418  , 1.6209531 ,
  0.88931817]
[ 0.      , 0.      , 0.      ,..., 1.50959 ,11.205222,14.862046]
[  0.       ,  0.       ,  0.       ,...,  0.9865463, 27.623549 ,
 198.99492  ]
[0.0000000e+00,0.0000000e+00,0.0000000e+00,...,5.3910345e-02,3.8419278e+00,
 6.6689407e+01]
[ 0.      , 0.      , 0.      ,..., 4.250069,15.18138 ,48.56407 ]
[ 0.      , 0.      , 0.      ,..., 5.714428, 5.115815,20.576109]
[ 0.       , 0.       , 0.       ,..., 9.805063 , 1.2893575,19.8625   ]
[ 0.       , 0.       , 0.       ,..., 3.6442838, 5.3398542,83.537674 ]
[ 0.       , 0.       , 0.       ,..., 1.1789091, 6.8998513,25.37582  ]
[ 0.       , 0.       , 0.       ,..., 1.4526222,33.881046 ,47.299747 ]
[ 0.       , 0.       , 0.       ,..., 1.2602433,20.664412 ,69.0723   ]
[0.       ,0.       ,0.       ,...,1.1717333,5.1823397,7.092083 ]
[0.       ,0.       ,0.       ,...,1.3826199,6.564534 ,5.4229083]
[ 0.        , 0.        , 0.        ,..., 3.6679978 , 0.15311626,
 55.467247  ]
[ 0.      , 0.      , 0.      ,...,16.898182, 8.223293,26.556541]
[0.       ,0.       ,0.       ,...,5.0240283,1.6847872,1.4284213]
[0.      ,0.      ,0.      ,...,4.087571,1.131283,5.814306]
[0.       ,0.       ,0.       ,...,4.377613 ,0.9706773,7.6902895]
[ 0.        , 0.        , 0.        ,..., 3.0881429 , 0.71826124,
 15.863895  ]
[ 0.       , 0.       , 0.       ,..., 2.9513094, 4.2774763,24.785683 ]
[ 0.        , 0.        , 0.        ,..., 0.14670224, 4.487891  ,
 14.804086  ]
[  0.        ,  0.        ,  0.        ,...,  4.4474235 ,  0.23127411,
 121.73654   ]
[0.        ,0.        ,0.        ,...,5.0222754 ,0.33716592,2.5775595 ]
[ 0.        , 0.        , 0.        ,..., 0.34377977, 5.004495  ,
 12.388446  ]
[0.       ,0.       ,0.       ,...,3.014224 ,0.6516754,9.531843 ]
[0.        ,0.        ,0.        ,...,0.46493578,6.288909  ,1.8717762 ]
[ 0.       , 0.       , 0.       ,..., 1.3060806, 2.6874256,14.385718 ]
[ 0.       , 0.       , 0.       ,..., 3.0416565, 1.5376948,29.297844 ]
[ 0.        , 0.        , 0.        ,..., 0.17552336, 1.1189293 ,
 15.927599  ]
[ 0.       , 0.       , 0.       ,..., 2.4180634, 1.1059693,19.13614  ]
[0.       ,0.       ,0.       ,...,2.793098 ,3.3051617,4.9737024]
[ 0.       , 0.       , 0.       ,..., 3.0705192,13.129855 , 4.7012877]
[ 0.       , 0.       , 0.       ,..., 1.3876845, 6.396649 ,10.702155 ]
[ 0.       , 0.       , 0.       ,..., 0.3524889,16.97589  ,24.207172 ]
[0.       ,0.       ,0.       ,...,0.5995836,8.981967 ,6.366341 ]
[ 0.      , 0.      , 0.      ,..., 0.70675 , 2.014458,12.004061]
[ 0.       , 0.       , 0.       ,..., 1.6551231, 1.9576559,37.03333  ]
[0.       ,0.       ,0.       ,...,1.9900122,7.266072 ,7.7030663]
[ 0.       , 0.       , 0.       ,..., 1.0467441, 8.784083 ,12.30254  ]
[ 0.       , 0.       , 0.       ,..., 1.6390891, 1.3804454,12.468154 ]
[ 0.      , 0.      , 0.      ,..., 2.468196, 5.555128,16.796356]
[0.        ,0.        ,0.        ,...,0.48790073,4.081713  ,2.0092742 ]
[0.       ,0.       ,0.       ,...,0.7515821,3.0598059,5.324364 ]
[ 0.        , 0.        , 0.        ,..., 0.69870496, 0.3652678 ,
 20.63083   ]
[ 0.       , 0.       , 0.       ,..., 2.00055  , 1.3756953,12.602211 ]
[0.        ,0.        ,0.        ,...,0.53086483,3.2421465 ,6.212097  ]
[0.       ,0.       ,0.       ,...,0.1694544,3.6911774,3.7105248]
[0.        ,0.        ,0.        ,...,1.9737623 ,0.12264834,5.2416735 ]
[0.       ,0.       ,0.       ,...,1.7970864,4.2612243,9.297851 ]
[0.        ,0.        ,0.        ,...,0.04257123,2.4038072 ,7.1170225 ]
[0.        ,0.        ,0.        ,...,0.13896257,1.9181417 ,1.3396258 ]
[0.        ,0.        ,0.        ,...,0.16804233,2.539925  ,3.5432365 ]
[0.        ,0.        ,0.        ,...,0.08172268,3.5816028 ,6.0478396 ]
[0.        ,0.        ,0.        ,...,0.93644613,0.57167935,2.0894017 ]
[0.       ,0.       ,0.       ,...,1.0107911,1.3642377,4.2081666]
[0.        ,0.        ,0.        ,...,0.22636856,2.1667385 ,5.647214  ]
[0.        ,0.        ,0.        ,...,0.54213834,0.8141313 ,5.9400644 ]
[0.        ,0.        ,0.        ,...,0.3230744 ,2.6279802 ,0.02382201]
[0.        ,0.        ,0.        ,...,0.13739704,3.8518233 ,7.405194  ]
[0.       ,0.       ,0.       ,...,0.6242967,0.0800766,2.938764 ]
[0.        ,0.        ,0.        ,...,0.99050546,1.8652267 ,0.23322126]
[0.       ,0.       ,0.       ,...,1.2958083,1.1192358,6.7806683]
[ 0.       , 0.       , 0.       ,..., 1.5351282, 2.3378656,15.49286  ]
[0.       ,0.       ,0.       ,...,0.9600178,2.012001 ,5.4856462]
[0.       ,0.       ,0.       ,...,1.339782 ,2.640056 ,1.9571203]
[0.        ,0.        ,0.        ,...,0.00913872,2.9289408 ,1.7754313 ]
[0.        ,0.        ,0.        ,...,0.21370056,0.7233356 ,7.898593  ]
[0.        ,0.        ,0.        ,...,0.09312265,2.2287645 ,4.065849  ]
[0.        ,0.        ,0.        ,...,0.7914845 ,1.1064732 ,0.24164264]
[ 0.       , 0.       , 0.       ,..., 1.7933407,14.587037 , 1.0649769]
[0.       ,0.       ,0.       ,...,1.5664687,5.747721 ,3.3249645]
[0.       ,0.       ,0.       ,...,1.4018354,3.009828 ,2.5547287]
[0.        ,0.        ,0.        ,...,0.28078544,9.011977  ,0.30477595]
[0.       ,0.       ,0.       ,...,2.2305276,1.6190025,1.8653162]
[ 0.       , 0.       , 0.       ,..., 0.6690876,11.760585 , 5.768794 ]
[0.      ,0.      ,0.      ,...,4.223586,0.056619,8.066986]
[0.       ,0.       ,0.       ,...,2.8360555,5.3911343,2.4431381]
[ 0.       , 0.       , 0.       ,..., 0.7379639, 6.7210464,18.874985 ]
[0.        ,0.        ,0.        ,...,0.06336816,1.8428051 ,9.160032  ]
[0.        ,0.        ,0.        ,...,0.08667719,2.9102173 ,1.8285751 ]
[0.       ,0.       ,0.       ,...,0.639733 ,5.1107745,1.7074945]
[0.        ,0.        ,0.        ,...,0.17106085,0.9420418 ,1.5800496 ]
[0.        ,0.        ,0.        ,...,0.00235221,1.1207947 ,0.28980464]
