[    0.      ,  172.265625,  344.53125 ,  516.796875,  689.0625  ,
   861.328125, 1033.59375 , 1205.859375, 1378.125   , 1550.390625,
  1722.65625 , 1894.921875, 2067.1875  , 2239.453125, 2411.71875 ,
  2583.984375, 2756.25    , 2928.515625, 3100.78125 , 3273.046875,
  3445.3125  , 3617.578125, 3789.84375 , 3962.109375, 4134.375   ,
  4306.640625, 4478.90625 , 4651.171875, 4823.4375  , 4995.703125,
  5167.96875 , 5340.234375, 5512.5     , 5684.765625, 5857.03125 ,
  6029.296875, 6201.5625  , 6373.828125, 6546.09375 , 6718.359375,
  6890.625   , 7062.890625, 7235.15625 , 7407.421875, 7579.6875  ,
  7751.953125, 7924.21875 , 8096.484375, 8268.75    , 8441.015625,
  8613.28125 , 8785.546875, 8957.8125  , 9130.078125, 9302.34375 ,
  9474.609375, 9646.875   , 9819.140625, 9991.40625 ,10163.671875,
 10335.9375  ,10508.203125,10680.46875 ,10852.734375,11025.      ,
 11197.265625,11369.53125 ,11541.796875,11714.0625  ,11886.328125,
 12058.59375 ,12230.859375,12403.125   ,12575.390625,12747.65625 ,
 12919.921875,13092.1875  ,13264.453125,13436.71875 ,13608.984375,
 13781.25    ,13953.515625,14125.78125 ,14298.046875,14470.3125  ,
 14642.578125,14814.84375 ,14987.109375,15159.375   ,15331.640625,
 15503.90625 ,15676.171875,15848.4375  ,16020.703125,16192.96875 ,
 16365.234375,16537.5     ,16709.765625,16882.03125 ,17054.296875,
 17226.5625  ,17398.828125,17571.09375 ,17743.359375,17915.625   ,
 18087.890625,18260.15625 ,18432.421875,18604.6875  ,18776.953125,
 18949.21875 ,19121.484375,19293.75    ,19466.015625,19638.28125 ,
 19810.546875,19982.8125  ,20155.078125,20327.34375 ,20499.609375,
 20671.875   ,20844.140625,21016.40625 ,21188.671875,21360.9375  ,
 21533.203125,21705.46875 ,21877.734375,22050.      ]

[2.90249433e-03,7.98185941e-03,1.30612245e-02,...,4.99838549e+01,
 4.99889342e+01,4.99940136e+01]

[ 0.        , 0.        , 0.        ,...,64.65699914,78.53184758,
 21.96722152]
[   0.        ,   0.        ,   0.        ,...,4453.06122193, 412.45893331,
 7123.97544424]
[  0.        ,  0.        ,  0.        ,...,853.37587001,340.45738691,
  11.13288185]
[  0.        ,  0.        ,  0.        ,..., 69.88787746, 88.14644301,
 381.21995001]
[  0.        ,  0.        ,  0.        ,..., 85.22801331,  7.82501503,
 189.50968278]
[ 0.        , 0.        , 0.        ,...,62.95378922, 6.52651681,
 47.76971433]
[ 0.        , 0.        , 0.        ,...,37.58244505, 4.75661012,
 21.29788894]
[ 0.        , 0.        , 0.        ,...,51.42757995,66.35740831,
  4.31656859]
[0.        ,0.        ,0.        ,...,0.57262447,3.20394809,5.97749795]
[ 0.        , 0.        , 0.        ,...,13.71991548, 8.38480428,
 60.96941242]
[ 0.        , 0.        , 0.        ,..., 1.33429853,10.65272762,
  0.61164613]
[ 0.        , 0.        , 0.        ,...,13.95389215,58.4021287 ,
 61.93184768]
[ 0.        , 0.        , 0.        ,...,12.57332601,69.9203727 ,
 38.15371267]
[ 0.        , 0.        , 0.        ,..., 3.9336345 , 6.04491971,
 13.03265912]
[0.        ,0.        ,0.        ,...,8.79591318,2.29561398,4.81895726]
[ 0.        , 0.        , 0.        ,...,33.54848212,33.67689082,
  1.23187598]
[ 0.        , 0.        , 0.        ,...,87.04247714,10.71567804,
 15.59839986]
[ 0.        , 0.        , 0.        ,...,12.7803357 , 8.57697515,
  3.54784989]
[0.        ,0.        ,0.        ,...,6.93846615,9.72932226,2.87308877]
[ 0.        , 0.        , 0.        ,...,49.14298444, 2.21097105,
  7.67442519]
[ 0.        , 0.        , 0.        ,...,10.040222  ,29.78266589,
  0.74350118]
[  0.        ,  0.        ,  0.        ,...,118.47734239, 27.78437888,
   5.85017652]
[0.        ,0.        ,0.        ,...,6.6837256 ,5.54729878,2.19697142]
[  0.        ,  0.        ,  0.        ,..., 13.63106865, 25.35378796,
 110.29785774]
[  0.        ,  0.        ,  0.        ,..., 32.46852749,121.9191107 ,
   1.96319974]
[  0.        ,  0.        ,  0.        ,...,108.14145338, 56.31921961,
  48.91022975]
[ 0.        , 0.        , 0.        ,...,18.73672978,28.42317791,
  6.86403501]
[ 0.        , 0.        , 0.        ,...,39.93470584, 4.00948516,
 53.66411601]
[  0.        ,  0.        ,  0.        ,...,115.90858255, 16.69850156,
  10.32666688]
[  0.        ,  0.        ,  0.        ,...,  5.46664554,107.71733799,
  25.43259665]
[ 0.        , 0.        , 0.        ,...,39.95245471, 2.26886699,
  2.75601559]
[ 0.        , 0.        , 0.        ,...,86.046318  ,69.84496813,
 39.84993835]
[ 0.        , 0.        , 0.        ,..., 7.16968002, 7.13898418,
 15.90231244]
[ 0.        , 0.        , 0.        ,...,34.34665554, 6.49066684,
 58.30417462]
[ 0.        , 0.        , 0.        ,...,41.11063791,35.81068013,
  5.14908673]
[ 0.        , 0.        , 0.        ,...,18.51491628,25.32579757,
 16.86884102]
[ 0.        , 0.        , 0.        ,...,82.32415886, 5.44860703,
  2.12016489]
[ 0.        , 0.        , 0.        ,...,20.21560671,43.19899223,
 22.95068745]
[ 0.        , 0.        , 0.        ,...,55.48188713, 5.19197799,
 93.58246598]
[ 0.        , 0.        , 0.        ,...,30.70152149, 0.96222278,
 21.85830605]
[  0.        ,  0.        ,  0.        ,..., 71.83850049, 87.3180552 ,
 101.56923135]
[ 0.        , 0.        , 0.        ,...,13.65601283,61.6291116 ,
 10.96755771]
[ 0.        , 0.        , 0.        ,...,17.18927491, 3.41124025,
 16.64751819]
[ 0.        , 0.        , 0.        ,...,21.3136539 ,12.61304767,
  7.8066718 ]
[ 0.        , 0.        , 0.        ,...,74.05864402,21.97815701,
 11.18672726]
[ 0.        , 0.        , 0.        ,..., 4.88813443,15.41997144,
  3.04107874]
[ 0.        , 0.        , 0.        ,...,14.46608517, 1.14145972,
  8.77446756]
[ 0.        , 0.        , 0.        ,...,12.15166266,11.48682095,
  2.94481732]
[ 0.        , 0.        , 0.        ,...,71.46437619, 2.06340196,
  0.60054261]
[ 0.        , 0.        , 0.        ,...,23.91594107,16.21397087,
 12.97578089]
[ 0.        , 0.        , 0.        ,..., 6.64078551, 3.99079282,
 23.23479345]
[ 0.        , 0.        , 0.        ,...,56.00001996, 1.25886156,
  1.65776314]
[ 0.        , 0.        , 0.        ,...,58.91862799, 7.25849153,
  6.74698827]
[ 0.        , 0.        , 0.        ,...,26.46636806,10.5328052 ,
 11.55065858]
[ 0.        , 0.        , 0.        ,...,29.04165571,20.32627257,
 11.10434657]
[0.        ,0.        ,0.        ,...,2.43956379,1.26498796,4.99389078]
[ 0.        , 0.        , 0.        ,...,12.717792  ,21.52563253,
 15.81403787]
[ 0.        , 0.        , 0.        ,...,25.30804055, 7.50169168,
 20.11516946]
[ 0.        , 0.        , 0.        ,...,32.78485657, 7.83734143,
  4.47766762]
[ 0.        , 0.        , 0.        ,...,14.29160888, 9.22592165,
 12.5764846 ]
[0.        ,0.        ,0.        ,...,6.56339155,2.57814008,0.80852377]
[ 0.        , 0.        , 0.        ,...,16.45114477,25.71621833,
  0.2564185 ]
[ 0.        , 0.        , 0.        ,...,43.18322783, 4.56165968,
  6.43609485]
[ 0.        , 0.        , 0.        ,...,15.57363069, 2.71530394,
 32.39812766]
[0.        ,0.        ,0.        ,...,5.56552258,0.60077092,3.15214283]
[0.        ,0.        ,0.        ,...,2.91570959,0.41706235,0.46512523]
[ 0.        , 0.        , 0.        ,..., 1.02513863, 2.52813647,
 17.27792601]
[0.        ,0.        ,0.        ,...,1.54210516,2.74972146,5.20171695]
[0.        ,0.        ,0.        ,...,1.78627693,0.7153657 ,0.23296394]
[0.        ,0.        ,0.        ,...,7.93813473,0.12483229,0.14894317]
[0.        ,0.        ,0.        ,...,2.19373216,2.31171767,2.44520038]
[ 0.        , 0.        , 0.        ,...,30.34955521, 8.36309386,
  6.12783673]
[0.        ,0.        ,0.        ,...,1.56282114,0.83341983,2.39003433]
[0.        ,0.        ,0.        ,...,0.93597134,0.37406989,0.25525534]
[ 0.        , 0.        , 0.        ,...,12.34422277, 3.08698001,
  7.30286154]
[0.        ,0.        ,0.        ,...,0.49881422,1.53192485,1.14436599]
[0.        ,0.        ,0.        ,...,6.18973191,4.9080543 ,1.74767735]
[0.        ,0.        ,0.        ,...,1.97676617,6.7489658 ,5.00441969]
[ 0.        , 0.        , 0.        ,...,13.04699314,13.93946288,
  0.42558351]
[0.        ,0.        ,0.        ,...,7.67071167,2.02735465,1.75291278]
[ 0.        , 0.        , 0.        ,...,32.27801805, 0.58618941,
  2.80407238]
[ 0.        , 0.        , 0.        ,...,12.47420075, 1.87124816,
  0.22202079]
[0.        ,0.        ,0.        ,...,3.68263987,0.86487511,2.54393623]
[ 0.        , 0.        , 0.        ,..., 3.4818036 ,20.73555884,
  0.89880624]
[0.        ,0.        ,0.        ,...,6.01111322,2.06316198,2.46065234]
[0.        ,0.        ,0.        ,...,0.03366299,0.19605066,0.00174412]
[0.        ,0.        ,0.        ,...,0.16109127,0.07046696,0.10567855]
[0.        ,0.        ,0.        ,...,2.36541137,3.13840484,4.49601872]
[0.        ,0.        ,0.        ,...,2.08529793,5.73110764,4.31467015]
[0.        ,0.        ,0.        ,...,0.76715342,7.78482285,0.28250746]
[0.        ,0.        ,0.        ,...,0.86493672,1.99895549,5.99559661]
[0.        ,0.        ,0.        ,...,0.39418804,1.1619068 ,0.95722207]
[0.        ,0.        ,0.        ,...,0.0697682 ,0.17407688,0.13400373]
[0.        ,0.        ,0.        ,...,0.02707882,0.03400212,0.01774742]
[0.        ,0.        ,0.        ,...,0.01045681,0.00412513,0.00049634]
[0.        ,0.        ,0.        ,...,0.00336901,0.0008923 ,0.0017892 ]
[0.        ,0.        ,0.        ,...,0.00098567,0.00214737,0.00408634]
[0.        ,0.        ,0.        ,...,0.00018717,0.0026125 ,0.00282889]
[0.00000000e+00,0.00000000e+00,0.00000000e+00,...,8.60244785e-05,
 1.43235310e-03,1.08454997e-03]
[0.        ,0.        ,0.        ,...,0.00014304,0.00051168,0.00036043]
[0.00000000e+00,0.00000000e+00,0.00000000e+00,...,6.37340536e-05,
 3.23398328e-05,1.34722304e-04]
[0.00000000e+00,0.00000000e+00,0.00000000e+00,...,6.16488181e-06,
 1.36765921e-05,8.48617145e-05]
[0.00000000e+00,0.00000000e+00,0.00000000e+00,...,1.38252060e-05,
 6.70978577e-06,1.66112084e-05]
[0.00000000e+00,0.00000000e+00,0.00000000e+00,...,4.01844717e-05,
 1.46674761e-05,2.13055630e-05]
[0.00000000e+00,0.00000000e+00,0.00000000e+00,...,2.63830208e-05,
 2.33279040e-05,4.10262070e-05]
[0.00000000e+00,0.00000000e+00,0.00000000e+00,...,5.54016997e-05,
 4.48556555e-05,8.72356032e-05]
[0.00000000e+00,0.00000000e+00,0.00000000e+00,...,1.11849725e-05,
 6.58730158e-05,1.42477833e-05]
[0.00000000e+00,0.00000000e+00,0.00000000e+00,...,2.02644004e-05,
 7.49772738e-06,8.29248916e-06]
[0.00000000e+00,0.00000000e+00,0.00000000e+00,...,2.96376043e-05,
 2.66608713e-06,7.03065986e-06]
[0.00000000e+00,0.00000000e+00,0.00000000e+00,...,1.17354289e-05,
 1.32707562e-05,9.68121691e-06]
[0.00000000e+00,0.00000000e+00,0.00000000e+00,...,4.38964794e-05,
 7.96867549e-06,3.96521329e-05]
[0.00000000e+00,0.00000000e+00,0.00000000e+00,...,3.13234051e-05,
 7.16667320e-06,1.43173756e-05]
[0.00000000e+00,0.00000000e+00,0.00000000e+00,...,5.03256530e-06,
 2.77643759e-06,2.78706180e-06]
[0.00000000e+00,0.00000000e+00,0.00000000e+00,...,8.83159907e-06,
 5.01497720e-06,5.16422049e-06]
[0.00000000e+00,0.00000000e+00,0.00000000e+00,...,1.30543063e-05,
 2.12726547e-05,1.07098832e-06]
[0.00000000e+00,0.00000000e+00,0.00000000e+00,...,7.80649174e-07,
 1.25763671e-05,2.47556707e-06]
[0.00000000e+00,0.00000000e+00,0.00000000e+00,...,1.72789966e-05,
 2.37090955e-06,3.31778458e-06]
